;BEGIN
PANELCOUNT:1
PAN::00000
POS:{-1079.62598640, 4905.18595356, 2642.31584828}
POS:{-1036.38620214, 4873.15890355, 2652.67025966}
POS:{-1079.62598624, 4879.19535067, 2648.11076406}
NRM:{-0.07234912, -0.07234912, -0.07234912}
UV:{0.24840, 0.04603, 0.0}
UV:{0.25097, 0.04841, 0.0}
UV:{0.24886, 0.04837, 0.0}
;END
